0.8433934868284588
0.5768784957253941
0.5518019423961992
0.5966011904666771
0.5509663960282929
0.5691623140400223
0.5796088502978014
0.5844950702863768
0.5746493271122389
0.5668090461947763
0.49387795275753466
0.5844473098934411
0.586685260627865
0.5744002780666924
0.594215247855227
0.5592989094902934
0.5798630254182954
0.5598896219339429
0.5745769722734573
0.5436271942641291
0.5777098113521728
0.5883853835330488
0.5409488312950659
0.5932402748016071
0.606460118816764
0.5644067071499629
0.5750960886457918
0.5560093256200448
0.5709487053377463
0.5839784535813732
0.47764579993938994
0.568804281033245
0.5901748496148321
0.5533894463152238
0.5711655766840047
0.5735936748988
0.5781752440525987
0.5793069750183044
0.5736077912144218
0.6039575958544239
0.5750324615993816
0.5941268761997512
0.5652160604058365
0.5756951920785959
0.5919979250591487
0.5748155571275427
0.5765633893201112
0.6048694601004143
0.590834462165966
0.5893628891160113
0.5415916581159608
